0.8490598444724023
0.6865619457599095
0.18025086038746246
0.6447347298778763
0.8815742152089519
0.5291285285063583
0.5191057911554804
0.798687768199118
0.22522299166797255
0.1934765406673442
0.5133053431164565
0.4609512924247082
0.9835279491683312
0.7966264745206845
0.11397138901029918
0.4873545079811467
0.359737100313697
0.5093823409475944
0.5787005780756898
0.9712433977313175
0.562608624085663
0.8910941989977046
0.6114960799379792
0.6379457928796588
0.9848035937614745
0.9597193040511611
0.3036268178089626
0.5743329896373892
0.26077485557172053
0.4379672290707079
0.5969535135500852
0.19542096099705197
0.5628262794858189
0.16795189787093867
0.47311104110328966
0.4928742009232104
0.630119382179201
0.21798995704883165
0.669373722103178
0.6587515144101296
0.2416125374871895
0.7063850329566166
0.9145885789050385
0.5408684107975856
0.6801708265074327
0.5950731490887682
0.55178102987564
0.47924286585409076
0.160868803575298
0.5375513449798484
0.7779817186867634
0.7522006285677456
0.3410781079916703
0.873627178407542
0.6820231097703865
0.6969065739008062
0.7621555357011521
0.82285199296101
0.28590215815374026
0.2467985728400563
0.7842165241225413
0.27728329192593504
0.03014042714679204
0.8823499790367391
0.6411906804801825
0.8055608103061276
0.6969035208646317
0.9078447732587597
0.9996379492167986
0.0816885295934679
0.3613116705553093
0.8910978997503018
0.8102422689733275
0.9596573876757027
0.8848409947686691
0.36256720548292604
0.5376479207746963
0.6387276688204157
0.9305797515090037
0.09920220739268734
0.775813030591752
0.27757696566892476
0.4307885215008785
0.9281684986947589
0.6020401658366341
0.4394805363327234
0.7266145437480582
0.5316268583751182
0.2691305146477973
0.9671393104702335
0.2931706258760333
0.5357242537776368
0.5588525732495728
0.016107601189883042
0.08848895210771789
0.4039585002066858
0.11304156775604579
0.4955717801990312
0.22795741605383468
0.43767920222652895
0.7646478780846646
0.13525311400898168
0.8261926619468379
0.24232540748938605
0.821297291946763
0.35949498307514594
0.8808255335686286
0.00829747169526348
0.00827646092250148
0.7094264461390969
0.41411194025182707
0.46745910870684243
0.055587641046026204
0.3257350328823642
0.6119440444493027
0.6179601215910264
0.1719444879620413
0.3671580736065713
0.6601553939611715
0.7745111518829982
0.7559704355366035
0.13602123027284888
0.8546143780713269
0.48610018442513814
0.3390263523651449
0.3051134009801772
0.0539967144996424
0.9626206392450489
0.46281757859089645
0.3020670934256994
0.079971973398449
0.40677968561491296
0.43794957522612354
0.22304768701433922
0.7050769335323757
0.5906344846288683
0.4169000791346649
0.39612906038443324
0.06857249148042185
0.043857674801231136
0.98413972917275
0.1463498487576679
0.22583064732709504
0.605903235723947
0.7105831405788877
0.0005820928963343342
0.08604938575614696
0.9658167776532752
0.04129131364175752
0.046695455369083795
0.8759572980592442
0.34283301019658874
0.5406422383842697
0.6639564293887836
0.5137232893447563
0.6812995772661052
0.7331932168652293
0.021154012418641743
0.9769080173260746
0.5690986263338857
0.776919690786739
0.13029759075144662
0.9466766925773603
0.3711868501170437
0.44182714198673473
0.881934408045199
0.47488194633069825
0.009199453890370784
0.5118412309468785
0.2722195955380693
0.12340996766656322
0.7367268787974864
0.34911246815629354
0.38239684301076976
0.08010333758530147
0.2022276806767665
0.722221037905759
0.7193826897345126
0.7041919984903058
0.3705648848029975
0.989699403514207
0.7427670155368363
0.3000282088186751
0.3190469132758919
0.949988900289484
0.6016338762122134
0.06592275439908446
0.19312360691940586
0.5469400968857605
0.11068182135374288
0.7396072272479408
0.8030661770924502
0.8485701467295986
0.9879893047660503
0.5248179393356355
0.9576043064749457
0.7243293941751296
0.33040171150788294
0.9406209689943574
0.9435226522639066
0.5015432352259243
0.1757752947945075
0.01879931207693776
0.5889931036899243
0.805046171149603
0.16947810364095742
0.6094340971056812
0.31736377404708555
0.14186924965900685
0.053244325120344674
0.6090270785126843
0.8288183950992221
0.054252670135075814
0.25138523892811915
0.20957277160863858
0.3458341171665933
0.4985138788450928
0.6035118253454812
0.9600612817178036
0.4790975957246642
0.4228499845996311
0.2794016489191708
0.44410906226932284
0.45991817308922445
0.16845556148742308
0.3980240086435404
0.08890262139973347
0.6770757404480094
0.3152624917879915
0.3865192499705837
0.8621509088644898
0.5049431909993716
0.5474905272317472
0.3403709680275511
0.16801539023325607
0.9488291307865631
0.9193903733826969
0.36737061780954844
0.41051772179824597
0.9086148037057169
0.23677716514656963
0.11920136509478095
0.09673601756796242
0.1584457178639843
0.7882730464443419
0.5987960943599092
0.20951723128355024
0.12458385679549473
0.08375376600959357
0.813132290358708
0.6879569565352632
0.8820805638650819
0.4730277666056566
0.18744010915054862
0.9421802483263773
0.36752475806096624
0.5972007804021522
0.10153018716732001
0.04491873967577291
0.8111629011494562
0.42289734007570934
0.16412331727317822
0.24455979611281253
0.04529331604790125
0.8044365714448586
0.6180634422067395
0.07600729210525774
0.6466299138024186
0.12285387973658932
0.8777579330529611
0.5598856812224482
0.11755543366899156
0.9012573233738777
0.03627652795680411
0.5539756726465294
0.39517102621989836
0.9423099487980444
0.2678434835064927
0.8416806767966671
0.6012661672459476
0.10627514110881955
0.38535624767044335
0.1593437092270204
0.6920942578445193
0.6570931068698804
0.7458437335292252
0.17987083246704333
0.31988855033129027
0.8359152749254412
0.2206170068464097
0.14840284747263188
0.6339439013558735
0.6880614296720617
0.9263549247882971
0.5369007623311193
0.3467671116336456
0.13290031722811577
0.5910105555620027
0.5855995550154657
0.899975125914265
0.47442287464863947
0.6127905025393541
0.2928824805559962
0.23759647182176713
0.7874545721489474
0.8090546609309677
0.12633274800832206
0.9230066344559206
0.6428735838503963
0.27021697632272756
0.9577613988296018
0.06464156181395948
0.24467768203018014
0.5903943703904857
0.3649141370333233
0.037021159749767975
0.2674270835033105
0.906012104995459
0.5067051680038066
0.029961135215548086
0.8646505460950671
0.1497398298695088
0.2930675469332308
0.5481598830870282
0.1524714349884733
0.21098656342891264
0.00508144403527042
0.2664166809874854
0.994060323506044
0.9497896817702098
0.2662612187923573
0.39977296739562884
0.3266863721702004
0.31676405422166865
0.831651782735704
0.7842268314685674
0.6615514664311479
0.29323650015823166
0.5431864643661306
0.23242507928058628
0.9448800432784001
0.9739147210065973
0.45114942543554565
0.0756246627999482
0.378205364036445
0.36883401934261145
0.10082002954164508
0.7099918012445491
0.17010031762257197
0.7304934656211287
0.05949622643568197
0.27766975818240786
0.6101946021882733
0.2422599021401732
0.5325341802879114
0.9521274540461675
0.6847724098892551
0.33539401075676273
0.7257168291378258
0.5554623812515982
0.8147524934523884
0.8570512961799682
0.02165158291299348
0.7898521307910855
0.054227849449088567
0.8098555699000922
0.4058788766358405
0.373295293163895
0.013496980692531227
0.26921001818404827
0.3294903820532512
0.8999244059302101
0.7241024423740952
0.6884477348310223
0.11000263229421096
0.5049638919148918
0.261889023026686
0.5744276861726133
0.6315129240953962
0.05647723600259409
0.38741600969716716
0.3325192811979058
0.39775286501743956
0.5682931082923233
0.07335902714491327
0.14860676299824147
0.46934388322008236
0.20308408839569603
0.6589462889216254
0.9096183785675731
0.7441282683237401
0.4922346598769902
0.5824237985887006
0.19986849290492834
0.8456030714945407
0.8054338766035734
0.9363573210243874
0.6311660983222175
0.3174794735277172
0.8227580957136111
0.3814841766313532
0.37412181209201834
0.7704330719388406
0.4298234423195435
0.0034233272918638494
0.8977746615041847
0.9601892773694165
0.6313247017526462
0.971874105753906
0.49868647701992713
0.8586714090017469
0.6422747668887578
0.36308137982010713
0.5641152116656801
0.346321389079117
0.6725164966317554
0.3629044497912973
0.29390758787776533
0.15013894473713946
0.7221787930935122
0.4710743596164594
0.1813350726661046
0.22830462032482762
0.649566950787474
0.9793737088667634
0.8948886302167223
0.9808230627872325
0.3311662226317552
0.9235788909640497
0.11968672230683633
0.10874466657487285
0.6560993316129403
0.1105148590657164
0.7147738142065914
0.4858349502849143
0.012387890455211789
0.8193494571429832
0.08681290669995162
0.6396470743915387
0.7423970495433094
0.4776753991210034
0.07869532974809118
0.6402136180941149
0.9810927001578897
0.09587051927392772
0.232632911944162
0.9784754186883836
0.026780558626888926
0.7480024493081587
0.6917038237539472
0.8065394074523141
0.4157037310110125
0.44941169817220744
0.26923556322390224
0.8978072464806658
0.9706636744731587
0.405203058033502
0.9434484797856338
0.6705222199736602
0.7814845523011361
0.7163541729649239
0.24887444813438592
0.5038375880865679
0.2352847373228332
0.5946172208820887
0.4280074334896476
0.23830656110791576
0.5330554058650407
0.769667944307137
0.7974723264710644
0.9351974466760457
0.2888749714081169
0.06740599084232113
0.5337550116296037
0.2128173129144325
0.36199049206065737
0.22962336433702057
0.36995879494354916
0.3047375531821652
0.6009598669335894
0.4729668852447716
0.2741972916356748
0.47148697467766937
0.6878730871431138
0.9302074843990591
0.45857597146724116
0.13271040661560546
0.8940724176034207
0.12728600479942942
0.6332899065415849
0.49786139336935087
0.2957561948345147
0.587612249854862
0.9471481376934489
0.6372007001025793
0.1640060737093782
0.7397572356739842
0.9415446691854896
0.11629959313869254
0.3244010324618595
0.08699575177149246
0.6209586513985184
0.39644691735965
0.5657868776781103
0.5547561399724429
0.573631876151253
0.3549882306200343
0.8878684377813022
0.7167077201691272
0.9076731973695507
0.2686188030426539
0.7682619759866058
0.7792436927140134
0.7136902459634308
0.8328994418393616
0.5682743917347053
0.9898793869180025
0.03000739604542605
0.8317142905155299
0.02016226420550943
0.30515901704537796
0.8869908258068182
0.907684606131037
0.9230649694539474
0.8448394746172689
0.43377930036031176
0.6372179986266525
0.24458557968537184
0.7043775171003743
0.41780900185017417
0.5997794256194899
0.07217958565730924
0.5729949776837397
0.1283571524258108
0.46779089390325773
0.5978387329886938
0.910816538189561
0.5750658351085475
0.9192950039537685
0.9796646041763177
0.31343261798796396
0.36970146151588623
0.8981496715817971
0.44836695691479495
0.28843037220877155
0.4186373325509891
0.01869832198432351
0.44290003111082393
0.7609726994779806
0.403250295617706
0.43082787715774506
0.25933397151405224
0.26099369661756355
0.053988071053953444
0.4500072830993334
0.6603454637267676
0.20952134479002826
0.3723872241089097
0.4039710571218636
0.004087162089146578
0.7947735031864808
0.7615936815136045
0.9314020389543238
0.33144959754401554
0.8325039098045179
0.7519195449816677
0.2134981346375979
0.995158845460993
0.5002515951183473
0.07174741461564697
0.7759694265068318
0.5437361998720349
0.6945250379329008
0.9682379045180772
0.8162553704959199
0.025419560776761226
0.5829555068418386
0.16603077919485487
0.09590984020410863
0.8573768638638869
0.47958663591082373
0.1979950309011972
0.08741744026146395
0.5866805963284907
0.13894593089719873
0.25050304284553154
0.921054624250064
0.8774180002782006
0.7041763219684168
0.2527050866213787
0.691727718755345
0.31547132982853027
0.04278877570223742
0.8456803917969611
0.38571692756752135
0.27846787030141656
0.565803291729711
0.4691498222124095
0.4655993790387248
0.48226866480518976
0.33202253418670846
0.9577262162943255
0.8564908964655639
0.9350172935833776
0.619639099106178
0.8420672869591934
0.8534702187938453
0.26016011168174746
0.6648653630197736
0.5523503181951388
0.05647283779866102
0.47713936805959245
0.2745216021544671
0.497929993610236
0.9886489158714394
0.45364662079484674
0.5213674784718308
0.005966747499842232
0.028871473261089048
0.05462675490454251
0.09525723565131425
0.42994009051331417
0.591901433969603
0.8101753984950045
0.5081746956788973
0.6265992791768223
0.019327311222700226
0.284549218626489
0.2298692225385262
0.28867114692919016
0.1554380077257345
0.5619566630326469
0.4117027947019802
0.9525421188877923
0.10361806545542816
0.8407368593398481
0.17674060740330697
0.4763108575246418
0.692571220018463
0.16273923901581164
0.3427458846290812
0.240391614641905
0.7626595574458077
0.8357342350544753
0.28727223509156546
0.5488534973211436
0.06823970078715255
0.9268184469914658
0.5702016362486473
0.38361746961007626
0.10859559784897348
0.7028259671451956
0.6682754421740629
0.7012731602782772
0.7422561806129915
0.6952128077239048
0.3644180620131887
0.724152961154794
0.11240430244445106
0.48369211528047074
0.013139429412562964
0.833473076043164
0.8164231591869413
0.8700333479025162
0.31333313329965107
0.3880577422935448
0.5356584184865758
0.5648366393437083
0.24728661447396952
0.42720755986172665
0.1476951390160297
0.1931252515331354
0.898920150498525
0.6424940764634381
0.3437538194534779
0.6082329609315023
0.9294505112481977
0.50912587912718
0.4526739230643518
0.7459244585951171
0.04111457967535543
0.7028878238766545
0.6126153207054119
0.9351759761596306
0.3676655332705354
0.6652333984748254
0.5936534123604463
0.39000945848908397
0.8273253330399881
0.04327095210809999
0.05742817906620025
0.6324537963287096
0.2606166390477374
0.9261457795843195
0.04429190511664921
0.6972369763038018
0.2379375195923783
0.641861136102174
0.4843946553228883
0.6346819250728193
0.4106357015599375
0.4908786760818205
0.02629361425873033
0.11667166098782468
0.8317102895791881
0.8101922589984158
0.8062643658771371
0.90756971966072
0.3563148445704567
0.4185944648157128
0.2031450976052981
0.8893231814646108
0.640825175746216
0.6433924520762275
0.1914028737644769
0.41012964209695263
0.03886473779593404
0.23359146894956184
0.792635432893309
0.8772556286518334
0.16371856064635545
0.48277852532106635
0.45183528053632127
0.03150671258466307
0.2932454584708028
0.22989550511109003
0.9698849034337238
0.7459980691147785
0.07704658586888027
0.731173672130428
0.9672938402291001
0.9549704106465817
0.14433659637057972
0.979277674272635
0.11219239224261172
0.4420906851609636
0.1557878383905888
0.088480163904875
0.1717768915638095
0.05108791238619668
0.8031747733828504
0.6264739829803625
0.4314341287610352
0.42546288890958084
0.23833744037352764
0.7252948508932893
0.2728814309959168
0.9770335877522943
0.5629001452108854
0.5710566206011196
0.08903733344403061
0.8945286526569628
0.3044174396692042
0.02881780391745777
0.6650802593931959
0.5798830502336775
0.5643770621669076
0.41897039029319744
0.4566509413320022
0.9976894152905595
0.9161433603502032
0.1796268769898022
0.8544354557750621
0.837505877732122
0.6152165025922408
0.10084226517770253
0.9147298201178405
0.8586837469346478
0.5697275572053315
0.8985061641032863
0.048146085586653474
0.8326853417674258
0.9673950456984869
0.8126863746865824
0.24367031786201954
0.6768860923363766
0.6351640300917476
0.14183955629897937
0.9449294457811567
0.697904905707152
0.6333906900714594
0.8700836581462084
0.9580559014545772
0.3266321286165179
0.8319881361695862
0.778578116008151
0.7045783707737323
0.27312084776666945
0.04019141704027212
0.3864252963505599
0.4080452831178195
0.3150106562401798
0.32105760403904937
0.789158806741747
0.015779054591420844
0.7162317549155757
0.9395348522926161
0.865660146236225
0.7080634601114271
0.05252639605670823
0.05470188954506208
0.19021162751339918
0.7568825783713058
0.6181841050177816
0.7343113910429314
0.8609896730441147
0.41498502290095357
0.126798569654333
0.06741747782015683
0.512018035565244
0.9466583072017258
0.01979301460917949
0.5283168118163968
0.16257157116443596
0.21872063129078084
0.5839084304628979
0.6191293259747375
0.7956212710991211
0.5476073768743435
0.7521456287335918
0.6722625269147071
0.6289281120320422
0.8873952726610143
0.34445909224396715
0.5600015512038761
0.46590162988884604
0.7160033650162276
0.37927699292745676
0.5829573607011559
0.7425029615136942
0.17415432164923972
0.4004710608098715
0.41399543194799737
0.5384670993836347
0.5327053889779676
0.9146702173642223
0.3959617389390802
0.9773950480548682
0.8356412163852893
0.5050946050947243
0.6231313113380492
0.6475833459607443
0.7193237060456992
0.5897648169359764
0.5458987956485792
0.042795083005779604
0.5817626377996468
0.3107839000307952
0.9102854021630242
0.36714410029513495
0.7624444602782912
0.18858687148688463
0.27992165949583736
0.8846782529537722
0.485218735588897
0.9549036452628699
0.6099153041528081
0.0008592434833773043
0.8987741192585659
0.4049531202459205
0.7015086834339832
0.5838851323080942
0.3845584526913129
0.34865583582771104
0.03603849736060711
0.8565423739586082
0.41112018648861554
0.5146751582173974
0.07579127906944627
0.3906126600558932
0.7821084409809097
0.8481492301764897
0.6726520699172844
0.0256051565973259
0.1398596738834722
0.7013869899814871
0.1826526031312525
0.4079278099566123
0.14664538545542086
0.36034901877197933
0.2387727430958994
0.4884549790090883
0.14366051932592927
0.9762668116827161
0.4784255702833911
0.09205229016333473
0.3940086002959728
0.5876665210915686
0.7463191790832246
0.7505267133381649
0.6583171767911957
0.7043280303779011
0.5810104309687243
0.5802225626970441
0.780786425385257
0.5762562708118499
0.9789241240309736
0.13360036616015017
0.4482518498336866
0.07884003527656802
0.5767964134373902
0.7143025677302227
0.7788029450936905
0.4348026674709854
0.3614074742458731
0.06481954151038541
0.551723417665706
0.5680806548923045
0.546735609809029
0.9377893975693832
0.7517067592751265
0.41716744419787827
0.02086821288071015
0.6025090832798472
0.22073170888746252
0.6477527806223662
0.037965802083522675
0.6540562466311969
0.5502844336394144
0.26141579163949263
0.4146569510423682
0.6211283304610818
0.4589840620213444
0.07182163830156855
0.3775261483820391
0.5225094385582159
0.29204542314580767
0.9574008508048665
0.6374457331713458
0.11336831793673498
0.24493913940114295
0.32658768813926825
0.11946896679869888
0.745719025871551
0.32123581771775583
0.4725374754116272
0.8428398323384362
0.3503610047872071
0.22756550175358278
0.5555625907576829
0.5215668926406689
0.8726548774941595
0.8301160076526742
0.317348942800218
0.9885069503049109
0.09995024663284162
0.46612018259647403
0.10064251849446082
0.5994622971678953
0.6490052762433386
0.7273090252707348
0.7796872246454807
0.27400326681383697
0.036985225550002096
0.6088774524031018
0.29785614116445197
0.016929358569969015
0.56022799259052
0.7152276383910351
0.09134680977891219
0.8727868111715221
0.13768462206258641
0.8023963202238871
0.6781242758800705
0.6348377113762944
0.388126156524067
0.2435193953160227
0.5756073711515677
0.4069997910777086
0.6215210348089147
0.5976799203973852
0.9565959946614881
0.4865846164564786
0.6532775119565364
0.3075209059895279
0.39345189691382276
0.6419081207800039
0.620970695941875
0.3570320925893287
0.35366744357185237
0.3539458708468129
0.18461305521200422
0.9454990558160069
0.5697611053988236
0.21395548341911133
0.8400242983130921
0.7967995562982604
0.3079135314504898
0.06676622996709493
0.5524912309386508
0.5175262433772863
0.7181447797161162
0.885882928003856
0.13000728154068855
0.4945336913804609
0.6388933019215923
0.8652753223061773
0.4281771262394581
0.06333090627618276
0.9542086674497107
0.17878644476190325
0.09519342947328661
0.8633931378310795
0.04306565469937476
0.40132613450905846
0.29107433614454314
0.5286854951240294
0.3345144220511202
0.37895811386946965
0.2539269866217177
0.8274985752996602
0.6921706730567097
0.7018950117138227
0.6022884921968971
0.22756236763661106
0.3710142372434487
0.9151788901008436
0.17055962767459362
0.4343504275070062
0.7571144894165609
0.5639729460763672
0.4349970099906262
0.5709780288577819
0.3396625977055978
0.24695662123134574
0.876378407401402
0.06041884126821195
0.04514684409633642
0.7119263438263101
0.7816548921723947
0.565107504557738
0.5705003045228507
0.7458738743102333
0.3388375954896509
0.19615736887199733
0.8091976582010065
0.7102896266353693
0.790092505066659
0.3300903997702154
0.17266510469438973
0.6431108181121843
0.7317240273318065
0.9926989773606395
0.7294370169894658
0.840944997979809
0.22896394330075948
0.35238910280188457
0.0829460209426097
0.9672534794124336
0.16290600400008862
0.4936296457470047
0.783852784746917
0.26639463049967266
0.09715540719261496
0.6749823837268936
0.5334126846035798
0.5205509606166763
0.9776527433299436
0.9159953140194782
0.10633704993934856
0.08253932830182129
0.5794976146241101
0.2849098709111011
0.16669399707852098
0.4071215709052358
0.7576081428471508
0.1376187818390561
0.4697993231032221
0.0029334695055613204
0.9764562867158655
0.5625951456095886
0.8572724373557212
0.8071412232583506
0.8893561431726114
0.5690094797883061
0.6017780072657772
0.15358735958605166
0.7675455120543669
0.03981136093143819
0.902651697153935
0.9728688791476261
0.4761588833251074
0.7767042938268358
0.9041403077302025
0.8301133567681718
0.5902918445473153
0.7602823002887105
0.38809835731105524
0.3416807575131514
0.7351947133688159
0.9706175019557016
0.14076986662920038
0.2816800698147966
0.43119333878100463
0.004888127241282744
0.3398777052174387
0.6265592115909331
0.7551341007379793
0.00357074307935379
0.5925450055219629
0.03467284586590279
0.7427197099217864
0.012433642052317511
0.7885531735065076
0.5461597994773965
0.2505789597664509
0.30828155271785135
0.20813617397935738
0.09027053382620383
0.492880068000628
0.5746425279060138
0.23600493829883898
0.6626343040023814
0.6528800213067281
0.6008935782654842
0.4087206199457422
0.5667020237455598
0.8002612554653399
0.8217515244925729
0.7544639891907883
0.778697753658407
0.9009450277526241
0.24833046028909173
0.5572406264801467
0.44916424142809247
0.34542764657463826
0.11292250714285793
0.06467061363711694
0.8001351571986961
0.10477782399639225
0.4900536524513087
0.7033247693124336
0.45216843714369925
0.7259016234856768
0.13878389848964245
0.710958004873001
0.1634966659226776
0.45685902141699386
0.365076573165408
0.07700118847238863
0.8449158838297679
0.5161012807195602
0.5385192882669134
0.21085273578187808
0.9132547605222008
0.8567784583884186
0.0036488156809514403
0.9194532930131192
0.4474629273346184
0.43233770469273225
0.4174882274562335
0.6979396972092063
0.8984430798510182
0.0016626492833296622
0.24891043031279256
0.14310576157644153
0.3040224690340121
0.20723158156428742
0.2535726999844869
0.332422210959059
0.9451386792254175
0.43284793762894286
0.4855615426797644
0.4753206432551638
0.11423124682597763
0.22059229779633494
0.11264503409919442
0.8516201201848137
0.7163019661127495
0.97444994412288
0.8770498805376655
0.8929325820539462
0.4701431709555597
0.39917372193893647
0.22235508486161676
0.5908359383819466
0.28591852644337884
0.7528298574878884
0.38496136514903945
0.8176110792739714
0.30609946122463555
0.13359116913502453
0.3506564598858516
0.3241704372413951
0.28784983678007287
0.46552840081776337
0.6838262975543471
0.5061840358659953
0.19425567752494566
0.9673193568362283
0.5689357889642892
0.35286197163038363
0.03904960603247091
0.275984896633693
0.5084739776501933
0.5933172872076038
0.7041146929477111
0.12025994954630251
0.3384970352814174
0.8828579660083105
0.8753968595064006
0.5186722073050822
0.981512086217643
0.15078937258507555
0.05565114292594298
0.5841998839806335
0.4189116130496642
0.7322503384585617
0.7620221191721738
0.5115528931546847
0.5331678385279737
0.020342284185939905
0.9472826090074221
0.4592760643894532
0.6944576322427545
0.042813224590626184
0.6656632626834499
0.6220692299215511
0.33815991750673047
0.8195099802750758
0.11792513822221766
0.3660452975157909
0.32103190504038337
0.4922814026638624
0.46793137474930807
0.9201308526569517
0.5992078230306004
0.3852011627815588
0.99528921785757
0.7083282476090282
0.6853355319283615
0.9379395520953039
0.9945316701346898
0.14697088323097948
0.6509567945734573
0.11573915281182608
0.008335410698386598
0.7637122946428548
0.7387223426774838
0.19482206451315445
0.8289877576641448
0.021165505903612995
0.45845114329470826
0.8566068470428307
0.6128913999055599
0.2740767956402049
0.12808510379098212
0.20784378050877847
0.1721936990543009
0.9071699533350449
0.31038006018137243
0.19175464984975807
0.8392078858161104
0.5063550967659849
0.2956183435239513
0.13820775603948687
0.8663734160456908
0.19192977207991307
0.08761891663781185
0.597252614434171
0.4897066540641584
0.37889948007939783
0.3218512360437797
0.6576834236968304
0.1536303025294081
0.9658754138706286
0.0015823166721581708
0.25003323555758017
0.20758029234447614
0.05744396487014379
0.30334167005966145
0.7111905997467585
0.3315492033832482
0.13222478162513576
0.6292276986164962
0.21620899545309455
0.6091153971657587
0.7892604444979404
0.763917531646509
0.722514722488029
0.5329105716947545
0.9081155572691642
0.7821069337535347
0.9241182653620343
0.49467964533558006
0.3185377824464749
0.9571068298682461
0.36070978308155677
0.32070526448216863
0.6138010742574944
0.3477312124183028
0.9324320448749218
0.8840819635895265
0.42101391015281786
0.2813129876575616
0.6044930348608479
0.9961991921730861
0.22889140558330898
0.2235076414959168
0.5030026094896026
0.7150206908584609
0.013108034050786872
0.9750401037243782
0.547022214634419
0.8949897348375695
0.25010251011779916
0.3193367969254893
0.89794806597246
0.9794560505965904
0.07243203816344725
0.8357458869404913
0.16297906879850962
0.7351043649796547
0.5625399863823233
0.7722507238637478
0.9447066964342928
0.03844504615992641
0.4226183905253302
0.1862164293716169
0.08559863220263567
0.40862135522479265
0.3551396594452948
0.7090373150902151
0.16676987060549064
0.6371400745352889
0.7569714403197167
0.8333140080887327
0.545498021676776
0.8094044623554979
0.43331076767121096
0.41952766418132464
0.17163354777256712
0.4632171834349839
0.7985279893485917
0.0014088724154793948
0.3730078615523842
0.9658611309374078
0.010817792228692016
0.9821877799708024
0.8130569317169183
0.6533201864686191
0.4245210995930664
0.17510300471201998
0.6801597793577911
0.48915189525449193
0.8198450330404452
0.7098079305766003
0.6799062226553558
0.20129688634999185
0.8849433178095133
0.22153502909765593
0.022415787078277148
0.8546684110874053
0.3195184208533221
0.2765536284945833
0.9191388234161579
0.767691248474972
0.37087808913459697
0.68505022591337
0.9812785871157967
0.6418150278953263
0.6908592284748556
0.1202828919184267
0.4414502625651006
0.8912568558189408
0.7142446089531862
0.19492149011501445
0.5866417938411097
0.8102510840261794
0.5835268123975519
0.4370068917164668
0.5263681838834235
0.08978414170301068
0.7315992775866604
0.20636707232981952
0.8667286367902696
0.8653293601035178
0.09836077428409727
0.8725973096561772
0.036558583453088406
0.8302045250594924
0.054568316601929893
0.2647532297964107
0.11439094951131977
0.5608803451998161
0.3534354552881079
0.08092705918501186
0.3812202328739594
0.2002426035580095
0.13456592758988134
0.2757968986826025
0.25564084632839545
0.09766969742325156
0.03153268537526582
0.37876980738533406
0.9930963382647153
0.5023959432563893
0.315264996817037
0.6911495906513605
0.9222216724250479
0.688367902185361
0.9786218232174848
0.16669657472737578
0.7321858505184669
0.3312188383779879
0.15876367705297958
0.7171248606022962
0.8196373664909039
0.01809572820789033
0.6994051932357895
0.35127888299891263
0.24787494393058382
0.6966328070167637
0.08929935245490213
0.31582195276392466
0.9149051081677102
0.28081831013718067
0.6894542955764275
0.9981280068455786
0.5667677906092494
0.9545279208121142
0.7433240426974533
0.8843174748336377
0.3501102423224991
0.5558046583605027
0.31962092019737004
0.8446547181311871
0.46953165820815823
0.053557249295105004
0.026233619635292044
0.7858850951369443
0.1644778148809382
0.2893303482890038
0.7275479458837997
0.5404535634779535
0.0552834758258785
0.9119928307710501
0.7418543980293366
0.8238831687007966
0.4873883012400881
0.7864933656162092
0.22695316133748544
0.3677356098648866
0.706145288704769
0.49253553310591436
0.6135268012493809
0.41009772382658677
0.9462460962217282
0.8162507436903436
0.8597562029719845
0.7278968574688263
0.6386787465556811
0.6263213103902066
0.2175347316961763
0.7819475794928569
0.662465213348904
0.5516612212570375
0.12439263360529222
0.768319395877895
0.5134826866473361
0.39321650206613795
0.740290769522712
0.6248010967389814
0.48480829146045756
0.7029211298753533
0.5498083323934464
0.015103133693627348
0.47290507907255624
0.5213475703916918
0.5693616978362617
0.38999504380562455
0.9072389833517883
0.889561574639504
0.01958954172596203
0.03537603036264538
0.41604067177422394
0.8641092521559628
0.6865650874005826
0.17244127815918925
0.6153957040789133
0.5413512322890804
0.6889004192163872
0.8211846189568741
0.7278714589521804
0.4894873103007773
0.2812605700935323
0.3176034074306359
0.7872264348121234
0.3847571238086922
0.16414458716480196
0.501401201634459
0.059815522536557295
0.8085050519196322
0.8815157284185149
0.43074155786018636
0.2808184206904965
0.2304289931094064
0.7491470548873737
0.9731111005611923
0.5416617845194323
0.9455016315102526
0.8818309942278919
0.4722131183780097
0.874378780381103
0.2799931142948446
0.14103838170348043
0.16376528068871044
0.9753603758229353
0.15014821484358054
0.7815801594214717
0.026667940964681
0.6548378697432033
0.5851234285356475
0.8455494524332883
0.24936293712575158
0.5543526819124331
0.6745897009171287
0.8060220848034556
0.2856821037469191
0.5504324502785132
0.8919569685323856
0.7696779491251797
0.5744312114497216
0.841131071214039
0.9672187144324408
0.6964695578618496
0.313200713816601
0.3568584011690842
0.3670057487338474
0.9229648800828744
0.6023099679520583
0.690620417149794
0.5209117758324532
0.15872892175772668
0.4071422715990086
0.4693369110101047
0.988193616336752
0.17266019324160842
0.09158201948485238
0.91189906192994
0.6134767812197826
0.31045165524400536
0.7923313919985622
0.3009737364320994
0.15680513298151194
0.7561640412484872
0.7009838221694928
0.34249174732287474
0.4315768891246312
0.35311986535614803
0.6759816150819016
0.34944129120660833
0.9246901535049922
0.12777029593054562
0.07103792304686544
0.8433098586550849
0.1340029141959735
0.6601571487387285
0.6089530450850135
0.8531385721408762
0.3681965573001744
0.9834530603926235
0.8638088622622345
0.18994601984621207
0.6657905099928827
0.7834607832629141
0.4087362444150178
0.4297569438149203
0.8218502698298108
0.8449507525339972
0.7159490222205296
0.8315117836759085
0.5429221237620898
0.150899481551129
0.9823818900793373
0.483981009411218
0.532377371588568
0.5085431013333073
0.63801716364023
0.36578909251128416
0.6640662961201738
0.7432323116231063
0.7754882848443958
0.13263018347344177
0.5947617275672619
0.5167893381197364
0.831609433896948
0.07760051391255318
0.1679376404938824
0.33059329383084446
0.3357930346602698
0.5414688718057259
0.6653726444840176
0.9214671872504943
0.6669898583961928
0.5522505415813641
0.9391460413541869
0.2706093539196282
0.9931278781184666
0.5938578669252697
0.3635527107071903
0.9049559910012899
0.5491977298069013
0.7000359207339084
0.386173261729057
0.9080016485156928
0.3476594036297793
0.7895141170488034
0.033190332687624995
0.24827569742623792
0.4291785801423834
0.05292520533444254
0.4349939350371948
0.42611320186541973
0.539608016446343
0.6875631856553338
0.9135031214396235
0.2069059845464854
0.05708640234359352
0.0709683502458649
0.035423773276248766
0.2135108321654666
0.4480076215759968
0.13777412207636713
0.18227549435316248
0.7299466008147897
0.47115924299166806
0.5491895113568526
0.012374708043936242
0.7466370407234958
0.9703088865083759
0.16330342480082996
0.6646325875882082
0.22667261946877953
0.1907701354873699
0.23840369306437909
0.6096179784688796
0.2673941054636593
0.11875094580425262
0.2698002799685878
0.5653831873016202
0.46455170468367063
0.20884378743337115
0.22296735972160983
0.5165311331602096
0.6623584749951421
0.43863365167135665
0.6355451696399705
0.14100978841889128
0.4030969957742685
0.16593490817980075
0.7519131838501356
0.07321301656425136
0.3040933602965512
0.2645840102405264
0.053629023161059046
0.7077770447383962
0.7298554614575643
0.9303477326206674
0.3928007715839198
0.17941029630701694
0.3161667021358909
0.6621623515569887
0.826654889735782
0.6529414233887015
0.6204362019773664
0.14496526033533078
0.20099063372986445
0.8354343875851393
0.06054679140337666
0.2905417225754439
0.10227903226335114
0.5480178904664375
0.30170025530983646
0.20986885653363774
0.42998360354503706
0.5551455295989742
0.7936116684383958
0.7207620455360251
0.870908900911835
0.9632512666550014
0.6510935607075194
0.11641370255948039
0.6307631842851522
0.7516320057445961
0.6720177374490126
0.4477187621497437
0.7557822016687095
0.6492736165828461
0.7726524737718351
0.25357369239832694
0.6321373027764536
0.3167583256372817
0.8296654454036433
0.3996451207538978
0.20262035403732165
0.10654695194412561
0.29993435389413997
0.2844952914583684
0.051687630943365634
0.5019014362073744
0.9718252643780138
0.7533426535396426
0.4156539159101629
0.6236089339153107
0.9163910551838889
0.3691641583505749
0.14703501771125096
0.9261870667484167
0.4975731498635788
0.06821924128032542
0.7394163283160149
0.096799343204838
0.2711371296849341
0.29027697746700143
0.9341375556503515
0.9136286338620517
0.35326026554822126
0.07321598049522107
0.7366022076347611
0.49651251677719827
0.5581088755556614
0.5799252798061741
0.44818981374107136
0.9118266948855455
0.2640636678159831
0.7842256816227895
0.44049446803854325
0.6120454084866613
0.8208093277258671
0.6580529948108863
0.9908432866503206
0.47699644157547794
0.9235978319278402
0.6337125391737493
0.6547801181079531
0.1628824877540111
0.3739951199379258
0.8970334441420712
0.20212653688611298
0.05075260413667585
0.20751743532294215
0.8477014562218949
0.08204810960665923
0.17965143803383696
0.8569332497296741
0.6065650125949991
0.28843017086844014
0.00118102681730211
0.9189569525859139
0.1810235681927873
0.9668953558736433
0.626406235665607
0.5662182682523064
0.04698506878941413
0.6489670126104634
0.3774792013809225
0.8005458560908947
0.8066646313975065
0.9184893774374496
0.10290038362974686
0.13567769366097795
0.31948733262774803
0.8397613555326962
0.6563823123243026
0.9004014870464274
0.1390150123790633
0.1948810454138168
0.49509803420093756
0.2366945893622702
0.17741708853150792
0.07202508576410768
0.9170516476907492
0.1345983390468015
0.5318095066484059
0.7279723061395924
0.0523533823015401
0.8116776147156718
0.11424351787309175
0.46178831943542836
0.21856239096865643
0.4575735297740606
0.88505662020273
0.4434516092240391
0.40192539446955555
0.6496229936392974
0.5817349867358657
0.1600351326839326
0.6457181187940069
0.17491336767694926
0.12760331270587755
0.6082299070441441
0.07500317908385219
0.6446530784217126
0.4235378765462601
0.039729748020191274
0.8554594660171138
0.9364473895795932
0.18681492308607808
0.7745646670385157
0.3468691686635569
0.07187896941446821
0.837649642306117
0.4344671664079866
0.19871749445901485
0.4506101712803158
0.25373585730525683
0.3521530437742057
0.6955288289216799
0.16881664168614957
0.2842108624531784
0.7609837398701256
0.1676833144087245
0.025338791637233
0.9666521324127697
0.4481115169327364
0.08841645989897749
0.4092931876242497
0.13371528806142405
0.2990036068553453
0.23319401711000656
0.4781031604714641
0.937240837154384
0.09478397799884403
0.6192175650338816
0.5750532877387787
0.3038258702894706
0.007572820569231936
0.49091809132613246
0.7793284466154489
0.4843351526605583
0.6152932099579909
0.9031820207766412
0.9620645176439209
0.8947422785880984
0.27071251135335933
0.12055180750995849
0.5406031670267278
0.465075668751956
0.9237382573302032
0.6792963871673349
0.7717743406348374
0.4744391902283497
0.7597206058531837
0.7350527220362324
0.5424613188141276
0.9299330375791334
0.19965638858792087
0.7710962285016802
0.8569810008723173
0.9329032637748262
0.31371926492602614
0.15072338501860455
0.2118111819233943
0.39628510718577387
0.3508942011586183
0.9540736214462883
0.5453755688181738
0.03225500081522811
0.3770294345159982
0.3542930523543688
0.7566837450225453
0.8171011263664217
0.26617020475277003
0.044466930844731224
0.8501977163830892
0.8467886971340892
0.6815099440904849
0.8403727523834655
0.08112134274321002
0.5741064935898652
0.4923653976670276
0.7710334202071939
0.9392298755237152
0.3009723318630356
0.053675431382714425
0.9458316844142818
0.4705840841255233
0.5750862136761401
0.7480425588859532
0.3164422649984969
0.22630889756732459
0.6862630674394892
0.8649772727286212
0.37245853777931415
0.1667674366223681
0.3710323592476221
0.8507573709178895
0.981939479962353
0.4438934579670582
0.32946821049606556
0.40300438536222605
0.9063701912819986
0.31273152167627755
0.9851193732658269
0.0965128338904397
0.4934049970735459
0.19003038310713977
0.5560693666119394
0.30269837627763774
0.6072443869678505
0.2797651542567252
0.9204030075063633
0.29363014374986296
0.05010199698112962
0.9467119246324632
0.5068290455948061
0.846252571050169
0.18309882235341438
0.24194188083978962
0.06959564958200114
0.6439516690847134
0.7228990316866146
0.930696105173745
0.37306637046270213
0.3476048968009177
0.35008120772281703
0.6405182881192406
0.25524002969406245
0.7766777076714882
0.9425367871030275
0.21899878070479545
0.7882005260498225
0.9559132034362241
0.8517887660520258
0.7919186174275525
0.5294346051381544
0.5318571490025168
0.006318237743170857
0.6176531358372532
0.09302991924052545
0.4785218685433381
0.12431363022146133
0.2134730571868336
0.0032481899782061843
0.8432836356410093
0.1372029639807006
0.47376966994785386
0.221912085024308
0.3507450350631795
0.3541017548467956
0.2798218265674602
0.4177134087326984
0.45151736962396427
0.36173143825910153
0.3346783778636554
0.7010250537398105
0.9630964783792959
0.6188904671485895
0.858685098611765
0.8497424322568693
0.23560283490136147
0.35592310510675684
0.9582969832513517
0.6583258574981751
0.9443635184722466
0.8325611121021689
0.20217196665409645
0.22315401419654865
0.3071728181972438
0.46130035640456885
0.7193897766227473
0.19947836803231198
0.036146795988949376
0.7511275187648412
0.7718198642179291
0.9886078772541426
0.6466888402075397
0.7890680101186648
0.6672016385472512
0.8713731043818963
0.21156176641513946
0.22879769605558786
0.7497532436508663
0.7762521987845863
0.3763931756360153
0.8773688241832724
0.3756668104073392
0.05401028946486759
0.3826225608647426
0.9370242045591244
0.005038662018021297
0.5382272869910711
0.5139219121288758
0.3560608546097777
0.5652582406058362
0.36741016908192564
0.04473419636125702
0.11761662502218251
0.07014036458968988
0.2956022025610927
0.895951302200721
0.05204504706918458
0.8130273375222141
0.6848256650054847
0.11742247698363935
0.14333387965258101
0.25913799822081357
0.928126310644091
0.7166317317581752
